0 0 1240.0	
0 1 1360.0	
0 2 1480.0	
0 3 1600.0	
0 4 1720.0	
0 5 1840.0	
0 6 1960.0	
0 7 2080.0	
0 8 2200.0	
0 9 2320.0	
0 10 2440.0	
0 11 2560.0	
0 12 2680.0	
0 13 2800.0	
0 14 2920.0	
0 15 3040.0	
1 0 1360.0	
1 1 1496.0	
1 2 1632.0	
1 3 1768.0	
1 4 1904.0	
1 5 2040.0	
1 6 2176.0	
1 7 2312.0	
1 8 2448.0	
1 9 2584.0	
1 10 2720.0	
1 11 2856.0	
1 12 2992.0	
1 13 3128.0	
1 14 3264.0	
1 15 3400.0	
2 0 1480.0	
2 1 1632.0	
2 2 1784.0	
2 3 1936.0	
2 4 2088.0	
2 5 2240.0	
2 6 2392.0	
2 7 2544.0	
2 8 2696.0	
2 9 2848.0	
2 10 3000.0	
2 11 3152.0	
2 12 3304.0	
2 13 3456.0	
2 14 3608.0	
2 15 3760.0	
3 0 1600.0	
3 1 1768.0	
3 2 1936.0	
3 3 2104.0	
3 4 2272.0	
3 5 2440.0	
3 6 2608.0	
3 7 2776.0	
3 8 2944.0	
3 9 3112.0	
3 10 3280.0	
3 11 3448.0	
3 12 3616.0	
3 13 3784.0	
3 14 3952.0	
3 15 4120.0	
4 0 1720.0	
4 1 1904.0	
4 2 2088.0	
4 3 2272.0	
4 4 2456.0	
4 5 2640.0	
4 6 2824.0	
4 7 3008.0	
4 8 3192.0	
4 9 3376.0	
4 10 3560.0	
4 11 3744.0	
4 12 3928.0	
4 13 4112.0	
4 14 4296.0	
4 15 4480.0	
5 0 1840.0	
5 1 2040.0	
5 2 2240.0	
5 3 2440.0	
5 4 2640.0	
5 5 2840.0	
5 6 3040.0	
5 7 3240.0	
5 8 3440.0	
5 9 3640.0	
5 10 3840.0	
5 11 4040.0	
5 12 4240.0	
5 13 4440.0	
5 14 4640.0	
5 15 4840.0	
6 0 1960.0	
6 1 2176.0	
6 2 2392.0	
6 3 2608.0	
6 4 2824.0	
6 5 3040.0	
6 6 3256.0	
6 7 3472.0	
6 8 3688.0	
6 9 3904.0	
6 10 4120.0	
6 11 4336.0	
6 12 4552.0	
6 13 4768.0	
6 14 4984.0	
6 15 5200.0	
7 0 2080.0	
7 1 2312.0	
7 2 2544.0	
7 3 2776.0	
7 4 3008.0	
7 5 3240.0	
7 6 3472.0	
7 7 3704.0	
7 8 3936.0	
7 9 4168.0	
7 10 4400.0	
7 11 4632.0	
7 12 4864.0	
7 13 5096.0	
7 14 5328.0	
7 15 5560.0	
8 0 2200.0	
8 1 2448.0	
8 2 2696.0	
8 3 2944.0	
8 4 3192.0	
8 5 3440.0	
8 6 3688.0	
8 7 3936.0	
8 8 4184.0	
8 9 4432.0	
8 10 4680.0	
8 11 4928.0	
8 12 5176.0	
8 13 5424.0	
8 14 5672.0	
8 15 5920.0	
9 0 2320.0	
9 1 2584.0	
9 2 2848.0	
9 3 3112.0	
9 4 3376.0	
9 5 3640.0	
9 6 3904.0	
9 7 4168.0	
9 8 4432.0	
9 9 4696.0	
9 10 4960.0	
9 11 5224.0	
9 12 5488.0	
9 13 5752.0	
9 14 6016.0	
9 15 6280.0	
10 0 2440.0	
10 1 2720.0	
10 2 3000.0	
10 3 3280.0	
10 4 3560.0	
10 5 3840.0	
10 6 4120.0	
10 7 4400.0	
10 8 4680.0	
10 9 4960.0	
10 10 5240.0	
10 11 5520.0	
10 12 5800.0	
10 13 6080.0	
10 14 6360.0	
10 15 6640.0	
11 0 2560.0	
11 1 2856.0	
11 2 3152.0	
11 3 3448.0	
11 4 3744.0	
11 5 4040.0	
11 6 4336.0	
11 7 4632.0	
11 8 4928.0	
11 9 5224.0	
11 10 5520.0	
11 11 5816.0	
11 12 6112.0	
11 13 6408.0	
11 14 6704.0	
11 15 7000.0	
12 0 2680.0	
12 1 2992.0	
12 2 3304.0	
12 3 3616.0	
12 4 3928.0	
12 5 4240.0	
12 6 4552.0	
12 7 4864.0	
12 8 5176.0	
12 9 5488.0	
12 10 5800.0	
12 11 6112.0	
12 12 6424.0	
12 13 6736.0	
12 14 7048.0	
12 15 7360.0	
13 0 2800.0	
13 1 3128.0	
13 2 3456.0	
13 3 3784.0	
13 4 4112.0	
13 5 4440.0	
13 6 4768.0	
13 7 5096.0	
13 8 5424.0	
13 9 5752.0	
13 10 6080.0	
13 11 6408.0	
13 12 6736.0	
13 13 7064.0	
13 14 7392.0	
13 15 7720.0	
14 0 2920.0	
14 1 3264.0	
14 2 3608.0	
14 3 3952.0	
14 4 4296.0	
14 5 4640.0	
14 6 4984.0	
14 7 5328.0	
14 8 5672.0	
14 9 6016.0	
14 10 6360.0	
14 11 6704.0	
14 12 7048.0	
14 13 7392.0	
14 14 7736.0	
14 15 8080.0	
15 0 3040.0	
15 1 3400.0	
15 2 3760.0	
15 3 4120.0	
15 4 4480.0	
15 5 4840.0	
15 6 5200.0	
15 7 5560.0	
15 8 5920.0	
15 9 6280.0	
15 10 6640.0	
15 11 7000.0	
15 12 7360.0	
15 13 7720.0	
15 14 8080.0	
15 15 8440.0	
